-9 -3 -9 7 -2 3 5 -10 9 2 -6 4 1 0 -9 6 4 
-8 2 -1 0 -4 8 1 2 -1 -8 -3 10 -7 2 -8 -4 -10 
9 5 3 -10 10 3 -3 -10 7 6 0 -3 3 9 7 10 8 
4 10 -7 2 1 -2 -4 2 5 -4 3 -2 -5 -1 -5 -3 8 
0 -8 -9 9 1 -6 -3 8 9 6 6 -7 -8 6 0 -7 7 
7 -8 7 6 5 1 0 4 -5 1 1 -3 1 -6 2 -2 6 
10 -1 10 -8 -5 7 8 9 -9 3 6 8 -2 -5 -3 -7 10 
4 6 4 -8 -8 -5 0 3 1 -2 4 -2 2 6 5 8 -4 
-8 9 5 1 -2 9 8 2 4 2 6 6 9 -3 10 -8 8 
-7 4 6 7 -8 -5 -2 4 2 2 -3 10 8 -1 -10 -8 -7 
6 6 8 2 -8 6 5 9 9 -1 -10 3 9 10 -7 3 5 
-4 -2 -4 0 1 -7 10 10 -3 -10 4 0 3 7 -2 -10 2 
8 -10 3 -5 -1 -10 -6 -1 2 6 -8 -1 5 -1 8 1 -8 
6 5 6 -1 -3 6 5 6 4 1 -4 -4 -6 -2 3 -3 -3 
-6 10 -1 9 2 7 7 7 2 0 -1 -8 4 -9 -7 -7 -8 
-3 3 -9 -8 -6 -8 -5 7 0 -10 8 10 0 -5 -7 0 2 
-2 4 -8 -8 -5 -1 -10 6 -3 -5 1 10 7 -10 5 1 -9 
