8 0 -4 7 2 9 3 -10 -2 4 9 -10 -3 -4 -2 
2 -6 4 0 -2 2 4 -4 -2 -4 10 3 5 7 -5 
2 5 -4 -1 10 -4 5 -2 -3 0 4 -8 -7 -10 7 
-9 -2 0 -10 -7 -2 -1 -4 -7 -5 -4 -9 9 5 7 
9 1 -3 -9 8 -9 8 1 0 -7 4 4 6 -1 -4 
10 -7 -9 3 -7 -10 6 7 4 6 -1 1 -5 3 -9 
3 -1 -5 -1 -10 10 4 -3 9 3 -4 10 -5 8 8 
-2 9 -4 -5 -8 -1 9 -5 0 -5 8 10 4 -1 -2 
-2 8 7 0 -1 0 -6 -10 10 9 5 9 -5 -5 3 
10 6 7 3 -5 3 -9 5 -2 9 -1 10 2 10 8 
9 -5 -6 1 4 4 -8 -2 -3 -1 8 4 -4 -4 2 
-2 5 -9 2 2 -8 -9 -6 -1 -7 -7 -10 1 -6 -10 
8 -2 8 1 -3 -10 7 4 -4 -9 -3 0 -10 -5 -4 
8 -10 -5 -7 8 0 -7 3 3 3 5 -2 4 -4 -9 
4 -1 9 -7 4 8 -1 2 3 -3 0 9 10 1 -6 
